1.2786

1300 13
q 229 778 316 35
u 542
288 106
40 942
u 548
446 805
890 729
u 1050
6 101
393 548
q 684 923 954 756
u 1066
376 931
308 944
q 923 1226 537 538
u 782
929 541
833 115
q 604 1058 930 977
u 473
386 21
745 924
u 1070
829 777
573 97
u 586
290 161
636 355
q 255 1274 31 52

1300 13
q 229 778 316 35
u 542
288 106
40 942
u 548
446 805
890 729
u 1050
6 101
393 548
q 684 923 954 756
q 734 845 17 46
q 135 556 123 67
q 1066 1278 98 56
q 41 112 954 756
q 976 1300 954 756
q 923 1226 537 538
q 604 1058 930 977
q 255 1274 31 52

1300 13
u 542
288 106
40 942
u 548
446 805
890 729
u 1050
6 101
393 548
u 1066
376 931
308 944
q 923 1226 537 538
u 782
929 541
833 115
q 604 1058 930 977
u 473
386 21
745 924
u 1070
829 777
573 97
u 586
290 161
636 355
u 473
386 21
745 924
u 1070
829 777
573 97
u 586
290 161
636 355

1300 13
u 542
288 106
40 942
u 548
446 805
890 729
u 1050
6 101
393 548
u 1066
376 931
308 944
u 346
376 931
308 944
u 782
929 541
833 115
u 127
929 541
833 115
u 473
386 21
745 924
u 1070
829 777
573 97
u 586
290 161
636 355
u 473
386 21
745 924
u 1070
829 777
573 97
u 874
290 161
636 355

1300 13
q 229 778 316 35
q 542 956 34 26
q 248 671 96 22
q 1050 1877 12 34
q 684 923 954 756
q 734 845 17 46
q 135 556 123 67
q 1066 1278 98 56
q 41 112 954 756
q 976 1300 954 756
q 923 1226 537 538
q 604 1058 930 977
q 255 1274 31 52

#####

3000 13
q 1229 1778 316 35
u 542
288 106
40 942
u 2567
446 805
890 729
u 1050
6 101
393 548
q 684 923 954 756
u 1066
376 931
308 944
q 923 1226 537 538
u 782
929 541
833 115
q 604 2458 930 977
u 473
386 21
745 924
u 1070
829 777
573 97
u 2586
290 161
636 355
q 1255 2987 31 52

3000 13
q 1229 2778 316 35
u 542
288 106
40 942
u 2548
446 805
890 729
u 1050
6 101
393 548
q 2684 2923 954 756
q 734 1845 17 46
q 135 556 123 67
q 1066 1278 98 56
q 41 2346 954 756
q 976 1300 954 756
q 923 2226 537 538
q 604 2058 930 977
q 255 1274 31 52

3000 13
u 2542
288 106
40 942
u 1548
446 805
890 729
u 1050
6 101
393 548
u 1066
376 931
308 944
q 923 2226 537 538
u 1782
929 541
833 115
q 604 1058 930 977
u 473
386 21
745 924
u 1070
829 777
573 97
u 586
290 161
636 355
u 473
386 21
745 924
u 1070
829 777
573 97
u 586
290 161
636 355

3000 13
u 1542
288 106
40 942
u 548
446 805
890 729
u 1050
6 101
393 548
u 1066
376 931
308 944
u 1346
376 931
308 944
u 2782
929 541
833 115
u 127
929 541
833 115
u 473
386 21
745 924
u 1070
829 777
573 97
u 2999
290 161
636 355
u 2473
386 21
745 924
u 1070
829 777
573 97
u 2874
290 161
636 355

3000 13
q 229 1778 316 35
q 842 1256 34 26
q 248 671 96 22
q 1050 2877 12 34
q 684 923 954 756
q 734 845 17 46
q 135 2556 123 67
q 1066 2278 98 56
q 41 1112 954 756
q 976 1300 954 756
q 1023 2926 537 538
q 604 1058 930 977
q 1255 2274 31 52

#####

10000 13
q 1229 8778 316 35
u 542
288 106
40 942
u 2567
446 805
890 729
u 1050
6 101
393 548
q 684 923 954 756
u 1066
376 931
308 944
q 923 6226 537 538
u 7782
929 541
833 115
q 604 2458 930 977
u 9473
386 21
745 924
u 1070
829 777
573 97
u 2586
290 161
636 355
q 1255 8976 31 52

10000 13
q 1229 2778 316 35
u 542
288 106
40 942
u 5548
446 805
890 729
u 6050
6 101
393 548
q 2684 2923 954 756
q 734 4845 17 46
q 135 6556 123 67
q 6066 9278 98 56
q 41 2346 954 756
q 976 1300 954 756
q 923 8226 537 538
q 604 2058 930 977
q 255 7274 31 52

1.67971

10000 13
u 2542
288 106
40 942
u 9548
446 805
890 729
u 1050
6 101
393 548
u 7066
376 931
308 944
q 923 2226 537 538
u 3782
929 541
833 115
q 604 1058 930 977
u 473
386 21
745 924
u 8070
829 777
573 97
u 586
290 161
636 355
u 2473
386 21
745 924
u 9070
829 777
573 97
u 5486
290 161
636 355

10000 13
u 1542
288 106
40 942
u 548
446 805
890 729
u 7050
6 101
393 548
u 1066
376 931
308 944
u 9346
376 931
308 944
u 6782
929 541
833 115
u 1827
929 541
833 115
u 473
386 21
745 924
u 4070
829 777
573 97
u 7999
290 161
636 355
u 8473
386 21
745 924
u 1070
829 777
573 97
u 9874
290 161
636 355

10000 13
q 4229 6778 316 35
q 842 1256 34 26
q 6248 8671 96 22
q 5050 7877 12 34
q 684 923 954 756
q 734 3045 17 46
q 3135 5556 123 67
q 1066 2278 98 56
q 3041 6112 954 756
q 976 1300 954 756
q 1023 4926 537 538
q 604 1058 930 977
q 7255 9274 31 52
